data/semcor_txt/br-a01.txt		0.46589105339105347	0.22404467184601115	0.2754149982613186
data/semcor_txt/br-a02.txt		0.44873654442619965	0.2720285607857447	0.3109082023614043
data/semcor_txt/br-a03.txt		0.5854166666666665	0.2094405716832187	0.28238983961640207
data/semcor_txt/br-a04.txt		0.2871345029239766	0.14857978279030906	0.17698876821683837
data/semcor_txt/br-a05.txt		0.4719178082191781	0.14948657316807995	0.20458143074581428
data/semcor_txt/br-a06.txt		0.5876126126126126	0.1821672565422565	0.2524703274703275
data/semcor_txt/br-a07.txt		0.43530465949820785	0.1511138652267684	0.20219278033794175
data/semcor_txt/br-a08.txt		0.34717948717948716	0.12853424353424353	0.17044159544159543
data/semcor_txt/br-a09.txt		0.5109649122807017	0.18412959482038427	0.23781708058023848
data/semcor_txt/br-a10.txt		0.46393034825870644	0.1596295039951756	0.21371475953565505
data/semcor_txt/br-a11.txt		0.36003616636528024	0.20335104177629795	0.23635699216395414
data/semcor_txt/br-a12.txt		0.3660220220787231	0.1790844637484917	0.21493579029109205
data/semcor_txt/br-a13.txt		0.37914462081128736	0.22537938912938912	0.25784541369858827
data/semcor_txt/br-a14.txt		0.465693257359924	0.2591436436872945	0.2999073751057878
data/semcor_txt/br-a15.txt		0.40279888551165144	0.17132306291310853	0.22082703116707672
data/semcor_txt/br-a16.txt		0.3647342995169082	0.14477513227513228	0.18564718963269689
data/semcor_txt/br-a17.txt		0.29333333333333333	0.11603270803270803	0.1554702872884691
data/semcor_txt/br-a18.txt		0.3090909090909091	0.14458513708513707	0.17727272727272728
data/semcor_txt/br-a19.txt		0.4797619047619048	0.1562953514739229	0.2131660997732426
data/semcor_txt/br-a20.txt		0.4534391534391533	0.14765698366888846	0.20122826908541191
data/semcor_txt/br-a21.txt		0.45491452991452974	0.13465506715506712	0.18752289377289375
data/semcor_txt/br-a22.txt		0.3995495495495495	0.1135577541827542	0.16384169884169877
data/semcor_txt/br-a23.txt		0.5194029850746268	0.1910708362947169	0.2511977450410286
data/semcor_txt/br-a24.txt		0.46135265700483086	0.14384972917581612	0.2012523962886282
data/semcor_txt/br-a25.txt		0.43014705882352944	0.11453963448124352	0.16730634425487367
data/semcor_txt/br-a26.txt		0.44256756756756754	0.15221203346203346	0.20632060632060634
data/semcor_txt/br-a27.txt		0.4846153846153846	0.1880616605616605	0.24248168498168493
data/semcor_txt/br-a28.txt		0.4681159420289855	0.16717851391764432	0.2212537382102599
data/semcor_txt/br-a29.txt		0.38666666666666666	0.12841798941798943	0.17807936507936512
data/semcor_txt/br-a30.txt		0.29427083333333337	0.11298363095238094	0.14795696924603174
data/semcor_txt/br-a31.txt		0.40873015873015867	0.18725119677500632	0.2315602166792643
data/semcor_txt/br-a32.txt		0.4107981220657277	0.17387379834562933	0.21697406662195395
data/semcor_txt/br-a33.txt		0.32248677248677243	0.08476631393298063	0.12593705383387924
data/semcor_txt/br-a34.txt		0.45545977011494254	0.16732379210827486	0.2187602627257799
data/semcor_txt/br-a35.txt		0.4027777777777778	0.19554988662131517	0.2399659863945578
data/semcor_txt/br-a36.txt		0.37732240437158476	0.15283307311995836	0.19922066094197244
data/semcor_txt/br-a37.txt		0.45555555555555555	0.15476190476190474	0.20586640211640214
data/semcor_txt/br-a38.txt		0.37206572769953056	0.11797451374916161	0.16611148371711756
data/semcor_txt/br-a39.txt		0.30918209876543207	0.11267802028218693	0.1481771751910641
data/semcor_txt/br-a40.txt		0.3532338308457711	0.1558604909625542	0.19375444207533762
data/semcor_txt/br-a41.txt		0.3682795698924731	0.10722041504773953	0.15754404645533676
data/semcor_txt/br-a42.txt		0.3566176470588235	0.11329170557111733	0.15421918767507
data/semcor_txt/br-a43.txt		0.3800813008130081	0.19361691831204025	0.2326993805652342
data/semcor_txt/br-a44.txt		0.33275862068965517	0.10492610837438424	0.14957580733442802
data/semcor_txt/br-b01.txt		0.30026455026455023	0.10244394053917863	0.1399638867892836
data/semcor_txt/br-b02.txt		0.35049019607843146	0.09982492997198877	0.1454754123871771
data/semcor_txt/br-b03.txt		0.3947368421052633	0.12307852965747702	0.17408451684767473
data/semcor_txt/br-b04.txt		0.35286458333333337	0.148890128968254	0.19192708333333328
data/semcor_txt/br-b05.txt		0.31923076923076915	0.1388278388278388	0.17592796092796092
data/semcor_txt/br-b06.txt		0.37743589743589745	0.1398351648351648	0.18501383801383806
data/semcor_txt/br-b07.txt		0.3324242424242424	0.1002092352092352	0.14745021645021641
data/semcor_txt/br-b08.txt		0.4847354497354498	0.14777769761103093	0.2086318342151675
data/semcor_txt/br-b09.txt		0.3430379746835443	0.10224614107246274	0.14208023575112186
data/semcor_txt/br-b10.txt		0.3739837398373984	0.11051103368176536	0.16082317073170732
data/semcor_txt/br-b11.txt		0.3722222222222222	0.18191468253968254	0.2224735449735449
data/semcor_txt/br-b12.txt		0.23809523809523808	0.11032100340136056	0.1385487528344671
data/semcor_txt/br-b13.txt		0.42015027322404375	0.2469326651425597	0.2848082785026579
data/semcor_txt/br-b14.txt		0.5045918367346939	0.18887188208616773	0.25268707482993197
data/semcor_txt/br-b15.txt		0.4611872146118721	0.17885409871711241	0.23458088714938022
data/semcor_txt/br-b16.txt		0.5402841781874038	0.22363017518835485	0.2889016897081413
data/semcor_txt/br-b17.txt		0.35193236714975845	0.1451575799401886	0.18315872131089517
data/semcor_txt/br-b18.txt		0.39548022598870053	0.1521724509012644	0.20255582458972293
data/semcor_txt/br-b19.txt		0.3951612903225806	0.15303571428571425	0.20193313705410482
data/semcor_txt/br-b20.txt		0.41081735724592866	0.24116900193823274	0.27742465867465854
data/semcor_txt/br-b21.txt		0.3680555555555556	0.19171626984126985	0.23139129389129387
data/semcor_txt/br-b22.txt		0.345	0.1238260582010582	0.17212411816578485
data/semcor_txt/br-b23.txt		0.391421568627451	0.16630485527544348	0.2149626517273576
data/semcor_txt/br-b24.txt		0.37853107344632775	0.15367231638418075	0.19475383373688462
data/semcor_txt/br-b25.txt		0.4074829931972788	0.162820478840887	0.20976352445740196
data/semcor_txt/br-b26.txt		0.4402116402116402	0.141358024691358	0.19375262450659275
data/semcor_txt/br-b27.txt		0.3615023474178404	0.1622764363961547	0.20433266264252178
data/semcor_txt/br-c01.txt		0.37198125499096374	0.22685902599737556	0.2571563648505396
data/semcor_txt/br-c02.txt		0.4209565580618212	0.2432172594183873	0.2853269483231889
data/semcor_txt/br-c03.txt		0.2551020408163265	0.09816974408811142	0.12650631681243926
data/semcor_txt/br-c04.txt		0.3762983091787439	0.22287747628780233	0.2572924550719581
data/semcor_txt/br-c05.txt		0.460093896713615	0.19577185334227584	0.24648920458779613
data/semcor_txt/br-c06.txt		0.425	0.14302649510982843	0.19980158730158734
data/semcor_txt/br-c07.txt		0.32142857142857145	0.12255527210884355	0.1673044217687075
data/semcor_txt/br-c08.txt		0.31286231884057975	0.1065454623878537	0.14300897170462387
data/semcor_txt/br-c09.txt		0.4283625730994153	0.1344123175586024	0.19180358303165318
data/semcor_txt/br-c10.txt		0.3687830687830688	0.17002708490803725	0.20909692159692156
data/semcor_txt/br-c11.txt		0.44396551724137934	0.1870484400656814	0.2403165480751688
data/semcor_txt/br-c12.txt		0.34194444444444444	0.13414351851851852	0.17882936507936506
data/semcor_txt/br-c13.txt		0.4083333333333333	0.16827316948284685	0.21086533538146435
data/semcor_txt/br-c14.txt		0.3986928104575163	0.1670985060690943	0.22152972300031118
data/semcor_txt/br-c15.txt		0.3684210526315789	0.1582985240879978	0.19889770723104058
data/semcor_txt/br-c16.txt		0.34494949494949495	0.12841991341991346	0.16844937469937474
data/semcor_txt/br-c17.txt		0.4338235294117647	0.15685399159663868	0.20578898225957046
data/semcor_txt/br-d01.txt		0.4190164510286462	0.22798891713525857	0.2676729980562732
data/semcor_txt/br-d02.txt		0.4334213808790079	0.2752658939795744	0.3112044345216256
data/semcor_txt/br-d03.txt		0.47438428815052197	0.32122890435854257	0.35892337033199734
data/semcor_txt/br-d04.txt		0.4553249343249344	0.3074828031756604	0.33855447042669273
data/semcor_txt/br-d05.txt		0.3667099567099567	0.15502741702741704	0.1977723665223665
data/semcor_txt/br-d06.txt		0.39454545454545453	0.14523566837203197	0.1948160173160173
data/semcor_txt/br-d07.txt		0.4557971014492754	0.15159613735700692	0.20406698105973467
data/semcor_txt/br-d08.txt		0.29365079365079366	0.12046800201562105	0.14970710506424795
data/semcor_txt/br-d09.txt		0.33100775193798443	0.10945698434412524	0.15420173495754894
data/semcor_txt/br-d10.txt		0.28494623655913975	0.1426043266769073	0.170773596176822
data/semcor_txt/br-d11.txt		0.4602272727272727	0.18867243867243866	0.244083694083694
data/semcor_txt/br-d12.txt		0.366358024691358	0.19749044679600236	0.23726484420928864
data/semcor_txt/br-d13.txt		0.3251282051282051	0.12727442002442002	0.1664067969067969
data/semcor_txt/br-d14.txt		0.4180790960451977	0.18788001076136665	0.23520312079634112
data/semcor_txt/br-d15.txt		0.4137931034482758	0.19924740010946906	0.24351851851851858
data/semcor_txt/br-d16.txt		0.4344262295081967	0.17837212878196487	0.22324421025240698
data/semcor_txt/br-d17.txt		0.46352941176470597	0.14447181903064257	0.20662091503267974
data/semcor_txt/br-e01.txt		0.47141556770228515	0.23023939354670675	0.28272171795457673
data/semcor_txt/br-e02.txt		0.4314730746146676	0.29831001948021535	0.3291669593107647
data/semcor_txt/br-e03.txt		0.26811594202898553	0.11423107890499196	0.14581320450885668
data/semcor_txt/br-e04.txt		0.38320754337237867	0.23400962928141109	0.2691517395913
data/semcor_txt/br-e05.txt		0.3414351851851852	0.10423555996472661	0.14520227072310407
data/semcor_txt/br-e06.txt		0.36354166666666665	0.16993190505368816	0.20834697420634923
data/semcor_txt/br-e07.txt		0.3191489361702128	0.16831060733986267	0.2011693684566024
data/semcor_txt/br-e08.txt		0.37426470588235294	0.13699813258636787	0.18836718020541549
data/semcor_txt/br-e09.txt		0.2669811320754717	0.12010332434860736	0.15025157232704403
data/semcor_txt/br-e10.txt		0.29671717171717177	0.10813191438191437	0.14546456629789967
data/semcor_txt/br-e11.txt		0.3157894736842105	0.11523600668337508	0.15136278195488723
data/semcor_txt/br-e12.txt		0.44086021505376344	0.1570980542754736	0.2187916026625705
data/semcor_txt/br-e13.txt		0.40606060606060607	0.09931096681096681	0.15069264069264066
data/semcor_txt/br-e14.txt		0.4166666666666667	0.16814290705800142	0.21824648098232993
data/semcor_txt/br-e15.txt		0.25193798449612403	0.1201888765842254	0.14383587629711655
data/semcor_txt/br-e16.txt		0.47491039426523296	0.2730923014367037	0.31643340729362224
data/semcor_txt/br-e17.txt		0.46956521739130425	0.20058948700253051	0.26113411548194154
data/semcor_txt/br-e18.txt		0.4330128205128204	0.1448336385836386	0.20067155067155068
data/semcor_txt/br-e19.txt		0.41025641025641035	0.16133089133089135	0.21251526251526257
data/semcor_txt/br-e20.txt		0.3353658536585366	0.12914488966318233	0.1711769260549748
data/semcor_txt/br-e21.txt		0.48605907980907964	0.24411263695454866	0.30505536685536694
data/semcor_txt/br-e22.txt		0.4482342219184324	0.2666447232800616	0.30724660677668186
data/semcor_txt/br-e23.txt		0.3500891829839197	0.19099870859739282	0.22632921242883644
data/semcor_txt/br-e24.txt		0.37041170634920645	0.17078872223492564	0.21377547646042533
data/semcor_txt/br-e25.txt		0.4511743046225803	0.24536884108107426	0.29426779030432554
data/semcor_txt/br-e26.txt		0.41290369522076836	0.22019578265005088	0.2633976296802951
data/semcor_txt/br-e27.txt		0.4652507084110859	0.29401936899578396	0.33506115085124516
data/semcor_txt/br-e28.txt		0.39019932844932825	0.2285200240235955	0.26898310948310944
data/semcor_txt/br-e29.txt		0.41015211640211646	0.254194573692873	0.29315340909090903
data/semcor_txt/br-e30.txt		0.42059185431278456	0.23514979462930738	0.2767207046470612
data/semcor_txt/br-e31.txt		0.3946733538570273	0.21476454526199418	0.25291488718602406
data/semcor_txt/br-f01.txt		0.3203333333333333	0.1053531746031746	0.14342063492063492
data/semcor_txt/br-f02.txt		0.41713659147869675	0.14028622413877834	0.19212018140589562
data/semcor_txt/br-f03.txt		0.44696786560203156	0.25439135295047866	0.3004191758226283
data/semcor_txt/br-f04.txt		0.32301587301587303	0.10228552532123962	0.14684429327286475
data/semcor_txt/br-f05.txt		0.3243589743589744	0.11811355311355311	0.15520146520146522
data/semcor_txt/br-f06.txt		0.3967479674796748	0.12500967866821525	0.17568234610917535
data/semcor_txt/br-f07.txt		0.35444444444444445	0.170869708994709	0.20798280423280424
data/semcor_txt/br-f08.txt		0.45487855861687626	0.23263936651787126	0.2828945215393814
data/semcor_txt/br-f09.txt		0.44301587301587303	0.17865783687212256	0.22887692113882585
data/semcor_txt/br-f10.txt		0.41586380522550737	0.21719427805674013	0.2569691724744915
data/semcor_txt/br-f11.txt		0.44594594594594594	0.15496210496210494	0.21265015015015012
data/semcor_txt/br-f12.txt		0.4529411764705882	0.1916666666666666	0.24237861811391218
data/semcor_txt/br-f13.txt		0.43412097162097163	0.23441189440954488	0.2810960888874422
data/semcor_txt/br-f14.txt		0.40281922662875047	0.24814956556524018	0.28161278406932216
data/semcor_txt/br-f15.txt		0.4117692605497482	0.23868410440056775	0.2799538650148405
data/semcor_txt/br-f16.txt		0.43738746504233234	0.26982846226209045	0.30559517880630377
data/semcor_txt/br-f17.txt		0.365163201430807	0.24068885535434828	0.2675946419256278
data/semcor_txt/br-f18.txt		0.44563424230090903	0.29647735700513483	0.331170298983791
data/semcor_txt/br-f19.txt		0.3422759339426007	0.22439474000100115	0.2513354125787988
data/semcor_txt/br-f20.txt		0.36511732437658356	0.22631415175065964	0.25716831326619694
data/semcor_txt/br-f21.txt		0.4051613883192829	0.2550484797853219	0.2864394992364916
data/semcor_txt/br-f22.txt		0.43785336356764926	0.2151874636375437	0.2607896555447575
data/semcor_txt/br-f23.txt		0.39503242353852097	0.2030813653374629	0.2465817363530778
data/semcor_txt/br-f24.txt		0.45972922185608756	0.2640775155607245	0.3041171820756043
data/semcor_txt/br-f25.txt		0.4566060606060608	0.2576743927368928	0.3035900939668797
data/semcor_txt/br-f33.txt		0.41371659949246153	0.22560752226700503	0.27218041111719277
data/semcor_txt/br-f43.txt		0.3760355146074494	0.22523812408291505	0.26004521487309773
data/semcor_txt/br-f44.txt		0.40584767980961756	0.20797162844524436	0.25219897109170464
data/semcor_txt/br-g01.txt		0.4747716467290503	0.3024446609597048	0.3414344253898007
data/semcor_txt/br-g02.txt		0.4083333333333334	0.16374458874458878	0.20433802308802312
data/semcor_txt/br-g03.txt		0.37384615384615383	0.16217676114734936	0.2092002442002442
data/semcor_txt/br-g04.txt		0.34865319865319855	0.10784672118005448	0.15186788520121852
data/semcor_txt/br-g05.txt		0.5380952380952381	0.19238630637440157	0.2574609473418997
data/semcor_txt/br-g06.txt		0.4613924050632911	0.13914050084936155	0.20233624673498096
data/semcor_txt/br-g07.txt		0.39166666666666666	0.2018817204301075	0.2401369687660011
data/semcor_txt/br-g08.txt		0.41886792452830185	0.1577717879604672	0.20897424378556456
data/semcor_txt/br-g09.txt		0.37198067632850246	0.13241028295376123	0.1795222758990875
data/semcor_txt/br-g10.txt		0.38365384615384623	0.1442689255189255	0.19278083028083026
data/semcor_txt/br-g11.txt		0.4626866774457135	0.2881688835324809	0.32952359841344364
data/semcor_txt/br-g12.txt		0.48390172168798135	0.28455674466563563	0.32768530451736566
data/semcor_txt/br-g13.txt		0.442090395480226	0.1646341135324186	0.22335216572504712
data/semcor_txt/br-g14.txt		0.42732164441955856	0.24641106108374325	0.28496748891347884
data/semcor_txt/br-g15.txt		0.4178586889301175	0.23562894207077878	0.27687638827536787
data/semcor_txt/br-g16.txt		0.41237826163939517	0.2443758575545013	0.28337928856964445
data/semcor_txt/br-g17.txt		0.4382420461297467	0.2507501837588418	0.29270755511673097
data/semcor_txt/br-g18.txt		0.4541615791615792	0.2583603986201389	0.30089087986995633
data/semcor_txt/br-g19.txt		0.450537117203784	0.30090217905343947	0.33530860380066735
data/semcor_txt/br-g20.txt		0.43892036782661775	0.21915481005436357	0.2701381975332867
data/semcor_txt/br-g21.txt		0.42529024006296723	0.24618679353054357	0.2876511696276306
data/semcor_txt/br-g22.txt		0.41340954184704176	0.2405472883597884	0.2794797206761494
data/semcor_txt/br-g23.txt		0.49442672902494333	0.281217268653493	0.3270505007558579
data/semcor_txt/br-g28.txt		0.42317281245299815	0.28520018453611623	0.3153964879480875
data/semcor_txt/br-g31.txt		0.4335951176637452	0.23696225124125458	0.2807232277929446
data/semcor_txt/br-g39.txt		0.43513028485555955	0.2463113423729593	0.28538047369418373
data/semcor_txt/br-g43.txt		0.42610243973056217	0.22128034837845476	0.26621629013442927
data/semcor_txt/br-g44.txt		0.40927023861806466	0.22654796635386695	0.266925811899932
data/semcor_txt/br-h01.txt		0.4135228695355278	0.2399557053354522	0.2822320652022279
data/semcor_txt/br-h02.txt		0.4614674441205054	0.18525105280207319	0.24437965662455463
data/semcor_txt/br-h03.txt		0.4095238095238095	0.15460128495842781	0.20234945830183926
data/semcor_txt/br-h04.txt		0.38937198067632844	0.1510754543363239	0.19939038417299282
data/semcor_txt/br-h05.txt		0.29938271604938266	0.12670855379188714	0.16243753674309233
data/semcor_txt/br-h06.txt		0.31420765027322406	0.1048890544792184	0.14620955850464049
data/semcor_txt/br-h07.txt		0.33064516129032256	0.13500384024577572	0.1750549853372434
data/semcor_txt/br-h08.txt		0.33152173913043476	0.1461827122153209	0.1851535541752933
data/semcor_txt/br-h09.txt		0.47144401815226794	0.28357475362491147	0.32939224625984775
data/semcor_txt/br-h10.txt		0.38281250000000006	0.14005766369047623	0.19073660714285715
data/semcor_txt/br-h11.txt		0.4894473838918283	0.2745671663727219	0.3230049317394996
data/semcor_txt/br-h12.txt		0.44089086676805983	0.28665439298626433	0.3251252192684942
data/semcor_txt/br-h13.txt		0.39625711367284405	0.21507023726526125	0.2558261588598666
data/semcor_txt/br-h14.txt		0.4964162299688617	0.2481946264018633	0.30817195330196573
data/semcor_txt/br-h15.txt		0.4425034506556245	0.21810957072039772	0.2660008544480593
data/semcor_txt/br-h16.txt		0.4832886374152466	0.26289713421027583	0.3157408459652752
data/semcor_txt/br-h17.txt		0.3710343558557844	0.2440352785442071	0.271467868865828
data/semcor_txt/br-h18.txt		0.47385368403886924	0.2291653806140526	0.2875709222843261
data/semcor_txt/br-h21.txt		0.4114807688881762	0.24158523803585524	0.2845017467019229
data/semcor_txt/br-h24.txt		0.4156455222781754	0.29293614595910517	0.31902079590855104
data/semcor_txt/br-j01.txt		0.4520876972489875	0.26916777219196575	0.315854629241726
data/semcor_txt/br-j02.txt		0.4547450185748058	0.22778678374423053	0.28169477010662425
data/semcor_txt/br-j03.txt		0.4145391194171683	0.21865312532995457	0.2656176268240728
data/semcor_txt/br-j04.txt		0.36797222222222226	0.21666161816578489	0.25146666666666656
data/semcor_txt/br-j05.txt		0.4311139743387641	0.2612386829893832	0.30303079631014973
data/semcor_txt/br-j06.txt		0.39722205662103355	0.24524519874050993	0.28020737497841386
data/semcor_txt/br-j07.txt		0.5073449593335956	0.2755471995386769	0.33658865440115454
data/semcor_txt/br-j08.txt		0.4504409171075838	0.23690440528063073	0.28877767979619834
data/semcor_txt/br-j09.txt		0.4781571507475121	0.24257648253130185	0.297824738769231
data/semcor_txt/br-j10.txt		0.48376068376068376	0.2923333729028174	0.33760920047031145
data/semcor_txt/br-j11.txt		0.3907950845450846	0.22184759877468213	0.26270379878373074
data/semcor_txt/br-j12.txt		0.4470950944480357	0.29869082932318214	0.3369073176279057
data/semcor_txt/br-j13.txt		0.4173606107816633	0.236500943014101	0.28003740112292747
data/semcor_txt/br-j14.txt		0.42147212543554	0.28458454316686016	0.3176453958030613
data/semcor_txt/br-j15.txt		0.42663837812352656	0.2780412148357692	0.3160926449787837
data/semcor_txt/br-j16.txt		0.4588952713952715	0.2835694144920336	0.3243757121038866
data/semcor_txt/br-j17.txt		0.4717029315713525	0.28866357813726234	0.3295709376254489
data/semcor_txt/br-j18.txt		0.3818277310924369	0.26078559201458357	0.2868357342937174
data/semcor_txt/br-j19.txt		0.3894602793040293	0.20974936618165782	0.2503372216132633
data/semcor_txt/br-j20.txt		0.31875862663906146	0.18426857864357868	0.21492076562728732
data/semcor_txt/br-j21.txt		0.5460992907801417	0.11177811550151977	0.17088258471237194
data/semcor_txt/br-j22.txt		0.4068845202724329	0.21555341155039187	0.26333155565892546
data/semcor_txt/br-j23.txt		0.37911337399973755	0.2083221008789191	0.24898423981622028
data/semcor_txt/br-j24.txt		0.3659722222222223	0.15009920634920634	0.19157324735449735
data/semcor_txt/br-j25.txt		0.2717391304347826	0.15350241545893722	0.18743961352657007
data/semcor_txt/br-j26.txt		0.398989898989899	0.183709114959115	0.23525733525733525
data/semcor_txt/br-j27.txt		0.35619047619047617	0.16901643990929704	0.20722789115646256
data/semcor_txt/br-j28.txt		0.35338983050847456	0.15508474576271186	0.1956468029773115
data/semcor_txt/br-j29.txt		0.45839806110890446	0.2501125843143915	0.2958570785528617
data/semcor_txt/br-j30.txt		0.4140187590187589	0.21872533250112614	0.2639672499751865
data/semcor_txt/br-j31.txt		0.4762639853752384	0.2879050858815199	0.3306461711597581
data/semcor_txt/br-j32.txt		0.42069265275787027	0.21357172969944707	0.26298073554867024
data/semcor_txt/br-j33.txt		0.4400330082646594	0.2715910638594679	0.31209401131906495
data/semcor_txt/br-j34.txt		0.4047869375994375	0.2374874460718955	0.2787308650069065
data/semcor_txt/br-j35.txt		0.41074172715993834	0.2567590584386515	0.29362279372797967
data/semcor_txt/br-j37.txt		0.38532051282051283	0.24198630189255196	0.276127496511425
data/semcor_txt/br-j38.txt		0.41810565977232633	0.21429475213205368	0.26384769654214096
data/semcor_txt/br-j41.txt		0.4301325083933777	0.23907844815065313	0.2932290150613131
data/semcor_txt/br-j42.txt		0.4000203056203055	0.2521374995374996	0.2877836546698451
data/semcor_txt/br-j52.txt		0.3836114212584799	0.21198692709407	0.24545468544838286
data/semcor_txt/br-j53.txt		0.45947675024129864	0.30288773156551413	0.339548894510654
data/semcor_txt/br-j54.txt		0.42308401475068125	0.2783677285448411	0.3113218685341701
data/semcor_txt/br-j55.txt		0.4647944292175061	0.21827357861240643	0.2702984307105186
data/semcor_txt/br-j56.txt		0.37928004535147375	0.2345990803728899	0.2659993337161704
data/semcor_txt/br-j57.txt		0.4666599570585078	0.31132269940316437	0.3485227188701568
data/semcor_txt/br-j58.txt		0.48838834776334766	0.3120067914193854	0.35538952110615646
data/semcor_txt/br-j59.txt		0.3397828225414431	0.16295388599267907	0.20383165035566517
data/semcor_txt/br-j60.txt		0.4698726235184567	0.2826521456295762	0.3298851852696099
data/semcor_txt/br-j70.txt		0.4766540572615338	0.23815041748786744	0.29253053453988026
data/semcor_txt/br-k01.txt		0.4971406210536644	0.2807127611863638	0.3249276691409197
data/semcor_txt/br-k02.txt		0.49231331168831166	0.23504261220481465	0.2915202392404772
data/semcor_txt/br-k03.txt		0.4929980513313847	0.2774625271847494	0.3247757012241141
data/semcor_txt/br-k04.txt		0.4842507181292229	0.2679891097562698	0.31468941593440913
data/semcor_txt/br-k05.txt		0.4500037633599277	0.22101515339773656	0.2684296395059604
data/semcor_txt/br-k06.txt		0.4814180117160251	0.307305357489842	0.3430764281095408
data/semcor_txt/br-k07.txt		0.38528516057585827	0.19487331904898336	0.23254693350208294
data/semcor_txt/br-k08.txt		0.4137260723543909	0.20396997638780193	0.2509895095072086
data/semcor_txt/br-k09.txt		0.45056152556152557	0.20852048477048465	0.25832064510635927
data/semcor_txt/br-k10.txt		0.447379816565863	0.23142277762432803	0.2770770964915484
data/semcor_txt/br-k11.txt		0.4142262865339789	0.2175991157296103	0.2538830339888032
data/semcor_txt/br-k12.txt		0.43562645084384216	0.2506161556410002	0.29003135092420795
data/semcor_txt/br-k13.txt		0.44744727494727504	0.23134667126044933	0.2750203361453361
data/semcor_txt/br-k14.txt		0.44682507757729	0.2483925598039341	0.2905277969326642
data/semcor_txt/br-k15.txt		0.41569331634549045	0.20539768196390412	0.24909172297681603
data/semcor_txt/br-k16.txt		0.45242820110076726	0.27369642940755456	0.3120802138232607
data/semcor_txt/br-k17.txt		0.4878070973612375	0.23267895056111626	0.28765898291376
data/semcor_txt/br-k18.txt		0.4011928831862526	0.17760168834557563	0.223846994703812
data/semcor_txt/br-k19.txt		0.5022676767676768	0.22524544366568178	0.27473975397398
data/semcor_txt/br-k20.txt		0.4673483102918588	0.25715836705324036	0.3020130355009388
data/semcor_txt/br-k21.txt		0.4584334468949856	0.21564667113172892	0.26711153010603556
data/semcor_txt/br-k22.txt		0.4791532149582997	0.24204232782395618	0.2904664860294399
data/semcor_txt/br-k23.txt		0.49392466719199385	0.27347089264787283	0.32016916965113557
data/semcor_txt/br-k24.txt		0.42150573785189177	0.16935917398607278	0.21775861602784669
data/semcor_txt/br-k25.txt		0.4409127083234226	0.23002740173658537	0.27824478596800023
data/semcor_txt/br-k26.txt		0.45427525252525247	0.22775550101353673	0.27303725176939453
data/semcor_txt/br-k27.txt		0.38341663094083056	0.20128612249144634	0.24322009541573952
data/semcor_txt/br-k28.txt		0.4306916786916788	0.2299747208479351	0.2737067981401314
data/semcor_txt/br-k29.txt		0.43855512275991576	0.22899783834605902	0.2721686961641832
data/semcor_txt/br-l01.txt		0.43878504672897206	0.147261163032191	0.20647715472481828
data/semcor_txt/br-l02.txt		0.2899659863945578	0.0854753914552834	0.1213246409674981
data/semcor_txt/br-l03.txt		0.3770308123249299	0.11027683800793042	0.15889355742296918
data/semcor_txt/br-l04.txt		0.3641269841269841	0.12507558578987146	0.17048677248677252
data/semcor_txt/br-l05.txt		0.39098639455782314	0.12950207860922147	0.17342349638268
data/semcor_txt/br-l06.txt		0.33928571428571436	0.14660336356764928	0.18309948979591825
data/semcor_txt/br-l07.txt		0.38922764227642276	0.12063855013550133	0.170344560588463
data/semcor_txt/br-l08.txt		0.4199037698412698	0.21197154295219772	0.2506556132947005
data/semcor_txt/br-l09.txt		0.47564657564657564	0.2391151701162206	0.285335912052945
data/semcor_txt/br-l10.txt		0.48193342151675483	0.2507339301461325	0.301084328021332
data/semcor_txt/br-l11.txt		0.46206165968070734	0.2581680991700833	0.29883603609794096
data/semcor_txt/br-l12.txt		0.4460891381345928	0.2307237495549184	0.27759302651927875
data/semcor_txt/br-l13.txt		0.44505668934240367	0.23190749202611452	0.27760286416153773
data/semcor_txt/br-l14.txt		0.4517227621532256	0.24218753228095719	0.29001670646183414
data/semcor_txt/br-l15.txt		0.45682539682539675	0.25749112949966974	0.29933252818035433
data/semcor_txt/br-l16.txt		0.45390936677701377	0.22154566707219023	0.2691068363372284
data/semcor_txt/br-l17.txt		0.4281887500490939	0.2411268585649774	0.2842308291874658
data/semcor_txt/br-l18.txt		0.5019772256728777	0.22111766535775484	0.2761497845954368
data/semcor_txt/br-m01.txt		0.5313954705176078	0.3139692534427603	0.3595094057362323
data/semcor_txt/br-m02.txt		0.4942428823381203	0.25108370376369243	0.29954246601638895
data/semcor_txt/br-m03.txt		0.4242063492063492	0.14189986600700885	0.196269211388259
data/semcor_txt/br-m04.txt		0.3034653465346535	0.08439415370108437	0.12400204306144899
data/semcor_txt/br-m05.txt		0.459375	0.21329613095238087	0.2622106481481481
data/semcor_txt/br-m06.txt		0.37048561999057045	0.1200602254102961	0.16504793336476506
data/semcor_txt/br-n01.txt		0.3561781609195402	0.10174124247400104	0.1438132868089764
data/semcor_txt/br-n02.txt		0.37988505747126433	0.13190441981390255	0.1752862160189746
data/semcor_txt/br-n03.txt		0.4120689655172414	0.17273566950291092	0.2140480751687648
data/semcor_txt/br-n04.txt		0.3419590643274854	0.11602373990531879	0.1558636173767753
data/semcor_txt/br-n05.txt		0.47341860160041976	0.20268240850059036	0.254661601585844
data/semcor_txt/br-n06.txt		0.4381720430107527	0.17178912783751488	0.22266598395630646
data/semcor_txt/br-n07.txt		0.45385674931129477	0.14785353535353535	0.20253509117145468
data/semcor_txt/br-n08.txt		0.463064713064713	0.17923679443287288	0.2351393976393976
data/semcor_txt/br-n09.txt		0.47194385216773277	0.22820173508872865	0.27800127292486915
data/semcor_txt/br-n10.txt		0.4310510268137387	0.19595153772289028	0.24577038787894312
data/semcor_txt/br-n11.txt		0.3935304424800222	0.21718036865095697	0.2592463363411742
data/semcor_txt/br-n12.txt		0.4327355514855516	0.21706921550671546	0.26175420809349387
data/semcor_txt/br-n14.txt		0.4737002966169633	0.23599219233147797	0.28589564627759073
data/semcor_txt/br-n15.txt		0.38004019789734084	0.18631374762288488	0.22443780205684954
data/semcor_txt/br-n16.txt		0.4757950382950384	0.241120834755094	0.29206917396732207
data/semcor_txt/br-n17.txt		0.4184747632740334	0.20776850394420782	0.25178575158958366
data/semcor_txt/br-n20.txt		0.3955017006802722	0.213077366416652	0.25026674360220275
data/semcor_txt/br-p01.txt		0.45913026367571813	0.24137110802857548	0.2857602712342972
data/semcor_txt/br-p02.txt		0.4117149758454106	0.11910493827160495	0.1657022084195997
data/semcor_txt/br-p03.txt		0.42931034482758623	0.1330226388128687	0.18995210727969347
data/semcor_txt/br-p04.txt		0.429718875502008	0.11502653939755286	0.16689615605278257
data/semcor_txt/br-p05.txt		0.3197916666666666	0.11044064153439155	0.14773726851851848
data/semcor_txt/br-p06.txt		0.409005376344086	0.1335008107185526	0.18318249701314218
data/semcor_txt/br-p07.txt		0.4254254719639334	0.23414733414733413	0.2710696468773392
data/semcor_txt/br-p08.txt		0.400137741046832	0.13667246053609683	0.18367058026148922
data/semcor_txt/br-p09.txt		0.41790585816120934	0.2509623244234338	0.28523084493238965
data/semcor_txt/br-p10.txt		0.4551529559105316	0.21089347436832018	0.26159137624084716
data/semcor_txt/br-p12.txt		0.4304523943210075	0.18287924777497247	0.23283522945019286
data/semcor_txt/br-p24.txt		0.43312682215743453	0.15513234261958747	0.20907123960695384
data/semcor_txt/br-r01.txt		0.4379746835443038	0.14288956472500777	0.19719007434197308
data/semcor_txt/br-r02.txt		0.44637681159420295	0.15061735366083187	0.20856625258799166
data/semcor_txt/br-r03.txt		0.28645833333333337	0.09580303593975469	0.1273871527777778
data/semcor_txt/br-r04.txt		0.41947478622006945	0.1886948084235819	0.23364872430404768
data/semcor_txt/br-r05.txt		0.44419135108111496	0.23301540770607138	0.277869914529082
data/semcor_txt/br-r06.txt		0.45714256917087104	0.19590881353347664	0.24672654792713186
data/semcor_txt/br-r07.txt		0.486011022235512	0.23200648876912247	0.2842853217221537
data/semcor_txt/br-r08.txt		0.4245310245310245	0.25961342384661706	0.2973242276708662
data/semcor_txt/br-r09.txt		0.420438147710875	0.2646703663099766	0.30141100018651035
Average		0.4132388356017046	0.19614356189690643	0.24065669800157918
