data/semcor_txt/br-a01.txt		0.47062139249639257	0.2268991090754483	0.27904685251817285
data/semcor_txt/br-a02.txt		0.46150337529647895	0.28100297238946664	0.32045299345791955
data/semcor_txt/br-a03.txt		0.54765625	0.20047479787369493	0.26741588128306876
data/semcor_txt/br-a04.txt		0.2988304093567251	0.1592314118629908	0.19063399238837833
data/semcor_txt/br-a05.txt		0.46849315068493147	0.14472059143292015	0.19929223744292232
data/semcor_txt/br-a06.txt		0.604954954954955	0.18910633848133845	0.2626099313599314
data/semcor_txt/br-a07.txt		0.4815412186379928	0.1637820898968906	0.2213684075780851
data/semcor_txt/br-a08.txt		0.3574358974358974	0.13155622155622157	0.17470492470492469
data/semcor_txt/br-a09.txt		0.5460526315789473	0.19582550125313283	0.2547343738133212
data/semcor_txt/br-a10.txt		0.4527363184079602	0.15739069802502637	0.2099502487562189
data/semcor_txt/br-a11.txt		0.3595137633112316	0.20211786918236588	0.23548799477596946
data/semcor_txt/br-a12.txt		0.3554427388190273	0.1732544076975225	0.20878334975720822
data/semcor_txt/br-a13.txt		0.3874699374699375	0.23166566458233126	0.26431881169976407
data/semcor_txt/br-a14.txt		0.460768552435219	0.25548936146158374	0.2960408712392839
data/semcor_txt/br-a15.txt		0.388998649105032	0.17517381716279892	0.22292124000900593
data/semcor_txt/br-a16.txt		0.39371980676328505	0.16027432712215323	0.2027854459013879
data/semcor_txt/br-a17.txt		0.2896969696969697	0.11603270803270802	0.1558008658008658
data/semcor_txt/br-a18.txt		0.3151515151515151	0.15029942279942277	0.18222222222222223
data/semcor_txt/br-a19.txt		0.5107142857142858	0.1609438775510204	0.2212443310657596
data/semcor_txt/br-a20.txt		0.47989417989417993	0.16097934965231891	0.2178949357520786
data/semcor_txt/br-a21.txt		0.4452991452991451	0.12294871794871792	0.1765033577533577
data/semcor_txt/br-a22.txt		0.39684684684684673	0.11253351565851566	0.16197232947232945
data/semcor_txt/br-a23.txt		0.5144278606965175	0.1891622245913291	0.2487052472127099
data/semcor_txt/br-a24.txt		0.4968599033816426	0.152585165379283	0.21349072157043172
data/semcor_txt/br-a25.txt		0.44558823529411773	0.12080101403306423	0.1740056906601024
data/semcor_txt/br-a26.txt		0.44256756756756754	0.15193050193050192	0.20589160589160588
data/semcor_txt/br-a27.txt		0.46410256410256406	0.180583028083028	0.23171245421245418
data/semcor_txt/br-a28.txt		0.48623188405797096	0.17152777777777772	0.22910397975615363
data/semcor_txt/br-a29.txt		0.4266666666666667	0.146989417989418	0.2000793650793651
data/semcor_txt/br-a30.txt		0.33333333333333337	0.13251488095238095	0.17243613591269843
data/semcor_txt/br-a31.txt		0.40079365079365076	0.18906525573192237	0.23033194759385237
data/semcor_txt/br-a32.txt		0.4072769953051643	0.16124804381846636	0.20550804828973843
data/semcor_txt/br-a33.txt		0.3457671957671957	0.08529541446208114	0.13026056101452926
data/semcor_txt/br-a34.txt		0.4841954022988506	0.1654559760163208	0.22136015325670488
data/semcor_txt/br-a35.txt		0.4543650793650794	0.20973639455782314	0.261130007558579
data/semcor_txt/br-a36.txt		0.42103825136612016	0.1674960967993755	0.22109159510798856
data/semcor_txt/br-a37.txt		0.5000000000000001	0.17293320105820106	0.23061948853615524
data/semcor_txt/br-a38.txt		0.352112676056338	0.10818801699083387	0.1545979581190849
data/semcor_txt/br-a39.txt		0.2922067901234568	0.11018867577895351	0.14356407995296885
data/semcor_txt/br-a40.txt		0.3669154228855721	0.16100145281993394	0.20114111979783628
data/semcor_txt/br-a41.txt		0.3790322580645161	0.1090445317912111	0.16081465577433318
data/semcor_txt/br-a42.txt		0.36397058823529405	0.11978534469343292	0.1614700046685341
data/semcor_txt/br-a43.txt		0.35569105691056907	0.1785762679055362	0.215897212543554
data/semcor_txt/br-a44.txt		0.39080459770114945	0.11959154351395732	0.17131910235358508
data/semcor_txt/br-b01.txt		0.32671957671957674	0.1058453010833963	0.14598975392626184
data/semcor_txt/br-b02.txt		0.31985294117647056	0.07797181372549021	0.12215024898848427
data/semcor_txt/br-b03.txt		0.40497076023391815	0.11094402673350039	0.16546342708623413
data/semcor_txt/br-b04.txt		0.39453125	0.15317981714466092	0.20310329861111107
data/semcor_txt/br-b05.txt		0.3294871794871795	0.14969474969474972	0.18835164835164833
data/semcor_txt/br-b06.txt		0.4205128205128205	0.15208402708402705	0.20389906389906393
data/semcor_txt/br-b07.txt		0.36484848484848487	0.12220418470418469	0.1722987012987013
data/semcor_txt/br-b08.txt		0.49346560846560855	0.14858337341670674	0.210060405643739
data/semcor_txt/br-b09.txt		0.320675105485232	0.08975367573189615	0.12863840332194765
data/semcor_txt/br-b10.txt		0.36178861788617894	0.10746225319396051	0.1559451219512195
data/semcor_txt/br-b11.txt		0.425	0.2078869047619048	0.25404761904761897
data/semcor_txt/br-b12.txt		0.23214285714285715	0.09494401927437643	0.12473072562358277
data/semcor_txt/br-b13.txt		0.43014571948998176	0.2515286838779227	0.29028902271291035
data/semcor_txt/br-b14.txt		0.5093537414965986	0.1868197278911564	0.25058390022675736
data/semcor_txt/br-b15.txt		0.4924657534246575	0.18754620569689065	0.2478228962818003
data/semcor_txt/br-b16.txt		0.5270737327188939	0.21658826164874548	0.27916026625704043
data/semcor_txt/br-b17.txt		0.3702898550724637	0.13627789279963193	0.18024291730813463
data/semcor_txt/br-b18.txt		0.3870056497175141	0.149273607748184	0.19802259887005652
data/semcor_txt/br-b19.txt		0.3782258064516129	0.13408410138248847	0.1826935057176993
data/semcor_txt/br-b20.txt		0.4165429808286952	0.24022948510585873	0.27781305334876755
data/semcor_txt/br-b21.txt		0.3194444444444445	0.17184193121693123	0.20882184944684945
data/semcor_txt/br-b22.txt		0.38083333333333336	0.1299867724867725	0.18248787477954145
data/semcor_txt/br-b23.txt		0.37426470588235294	0.15727124183006536	0.204750233426704
data/semcor_txt/br-b24.txt		0.36581920903954807	0.15049435028248587	0.1895345708905031
data/semcor_txt/br-b25.txt		0.47891156462585033	0.20047839915186855	0.2550016196954972
data/semcor_txt/br-b26.txt		0.46878306878306886	0.1515243134290753	0.20688565549676663
data/semcor_txt/br-b27.txt		0.36361502347417846	0.15965515314106862	0.2019181757209926
data/semcor_txt/br-c01.txt		0.3843830118101963	0.23048818046390862	0.2626941163834367
data/semcor_txt/br-c02.txt		0.41456558061821214	0.24168813899828942	0.28269815411544735
data/semcor_txt/br-c03.txt		0.22108843537414968	0.09243602202785876	0.11670715905409783
data/semcor_txt/br-c04.txt		0.431273723257419	0.27496116906442997	0.30992835781655653
data/semcor_txt/br-c05.txt		0.4859154929577465	0.20700592443550186	0.2603389698460121
data/semcor_txt/br-c06.txt		0.4728395061728395	0.15159865854310298	0.2145135214579659
data/semcor_txt/br-c07.txt		0.30357142857142855	0.11065051020408165	0.1515731292517007
data/semcor_txt/br-c08.txt		0.3460144927536232	0.11093210835058662	0.15055728088336784
data/semcor_txt/br-c09.txt		0.4722222222222223	0.13739895080839354	0.19867492806089296
data/semcor_txt/br-c10.txt		0.35291005291005295	0.15468316956412193	0.1939797636226207
data/semcor_txt/br-c11.txt		0.40804597701149425	0.1814552545155993	0.2306901112935596
data/semcor_txt/br-c12.txt		0.37249999999999994	0.13767887205387205	0.18515652557319223
data/semcor_txt/br-c13.txt		0.4163978494623655	0.1566564260112647	0.20217144563918757
data/semcor_txt/br-c14.txt		0.40196078431372556	0.15647759103641457	0.2114456893868659
data/semcor_txt/br-c15.txt		0.38596491228070173	0.17328390420495687	0.21312772672421798
data/semcor_txt/br-c16.txt		0.34494949494949495	0.12571428571428575	0.16478775853775854
data/semcor_txt/br-c17.txt		0.4215686274509804	0.15672268907563028	0.2047677404295051
data/semcor_txt/br-d01.txt		0.4176041099821587	0.2250232902824366	0.2660039423947669
data/semcor_txt/br-d02.txt		0.42564445911903537	0.2657237601426464	0.30190416793322356
data/semcor_txt/br-d03.txt		0.4703263619497386	0.31840680582215825	0.355025754720096
data/semcor_txt/br-d04.txt		0.4533305583305584	0.3112550124478696	0.3411635021357244
data/semcor_txt/br-d05.txt		0.3879220779220778	0.16552525252525252	0.20938852813852807
data/semcor_txt/br-d06.txt		0.43103896103896105	0.1597883379247015	0.21379870129870127
data/semcor_txt/br-d07.txt		0.4628019323671498	0.15458722839157624	0.20825952764358555
data/semcor_txt/br-d08.txt		0.34325396825396826	0.12996346686822877	0.1653817082388511
data/semcor_txt/br-d09.txt		0.35465116279069764	0.12010667057520684	0.16771533161068047
data/semcor_txt/br-d10.txt		0.2876344086021505	0.13032514080901178	0.15957287933094383
data/semcor_txt/br-d11.txt		0.4571969696969697	0.1995310245310245	0.2521825396825397
data/semcor_txt/br-d12.txt		0.38024691358024687	0.18792254556143445	0.23175338036449147
data/semcor_txt/br-d13.txt		0.3251282051282051	0.12727442002442002	0.1664067969067969
data/semcor_txt/br-d14.txt		0.4209039548022599	0.1870560936238902	0.23426150121065376
data/semcor_txt/br-d15.txt		0.41379310344827586	0.18565955117679253	0.23227399197226786
data/semcor_txt/br-d16.txt		0.4133879781420764	0.17236119982021625	0.21368136872235233
data/semcor_txt/br-d17.txt		0.4527450980392157	0.13684343434343435	0.19779458450046686
data/semcor_txt/br-e01.txt		0.4488858616359937	0.21573403296134167	0.2656350814501346
data/semcor_txt/br-e02.txt		0.43313124928169183	0.30034590456366683	0.33141614203561115
data/semcor_txt/br-e03.txt		0.2693236714975845	0.11159995399125834	0.1427603327965647
data/semcor_txt/br-e04.txt		0.3942257376323312	0.24431132392376512	0.2794622898469052
data/semcor_txt/br-e05.txt		0.38888888888888895	0.1255649250440917	0.17100143298059967
data/semcor_txt/br-e06.txt		0.3890625	0.15666925624416436	0.20050553902116405
data/semcor_txt/br-e07.txt		0.3235815602836879	0.16750851345266238	0.2011187098953056
data/semcor_txt/br-e08.txt		0.3914215686274509	0.13883636788048548	0.1937593370681606
data/semcor_txt/br-e09.txt		0.24716981132075472	0.11024483378256963	0.1370440251572327
data/semcor_txt/br-e10.txt		0.3308080808080808	0.11365440115440115	0.15473785473785476
data/semcor_txt/br-e11.txt		0.3223684210526316	0.12157999164578111	0.15947681704260652
data/semcor_txt/br-e12.txt		0.46505376344086025	0.16855478750640035	0.23126600102406564
data/semcor_txt/br-e13.txt		0.42121212121212115	0.11021284271284269	0.16257936507936505
data/semcor_txt/br-e14.txt		0.40487421383647804	0.1663740391334731	0.21513926325247068
data/semcor_txt/br-e15.txt		0.24870801033591733	0.11539005783191829	0.1397661088552561
data/semcor_txt/br-e16.txt		0.489247311827957	0.2815301747939319	0.3265289867440404
data/semcor_txt/br-e17.txt		0.5072463768115942	0.21856740280653325	0.281658615136876
data/semcor_txt/br-e18.txt		0.46153846153846156	0.15179906898656897	0.20939407814407812
data/semcor_txt/br-e19.txt		0.4128205128205128	0.16780219780219782	0.2177533577533578
data/semcor_txt/br-e20.txt		0.3719512195121951	0.1356054006968641	0.18181136275648468
data/semcor_txt/br-e21.txt		0.4899284881784881	0.24500876265424584	0.3057624810374811
data/semcor_txt/br-e22.txt		0.4523842072714252	0.26801747333702225	0.308651652580224
data/semcor_txt/br-e23.txt		0.35069142174405327	0.1891500056815459	0.2239400253028072
data/semcor_txt/br-e24.txt		0.3813102324263039	0.17643568935510712	0.22069866240146843
data/semcor_txt/br-e25.txt		0.45840962996135415	0.25348796333812756	0.30208159474169316
data/semcor_txt/br-e26.txt		0.42794857581442936	0.22912192595119424	0.27319566362467057
data/semcor_txt/br-e27.txt		0.46413193724514484	0.2913282707858178	0.33295405982905985
data/semcor_txt/br-e28.txt		0.3938898046398045	0.23178594213326356	0.2729149877899878
data/semcor_txt/br-e29.txt		0.4278705421562566	0.26659933068946673	0.3056182287729906
data/semcor_txt/br-e30.txt		0.42053033099544723	0.23364554952041108	0.2763669455723719
data/semcor_txt/br-e31.txt		0.40460551353408486	0.22371585472350775	0.2620312631974438
data/semcor_txt/br-f01.txt		0.3796666666666666	0.13891865079365076	0.18215079365079365
data/semcor_txt/br-f02.txt		0.4083646616541353	0.13642109255983098	0.18649152643513542
data/semcor_txt/br-f03.txt		0.44891809774968516	0.26269110359655135	0.3066823641268694
data/semcor_txt/br-f04.txt		0.3061507936507937	0.09871409674981105	0.14112811791383223
data/semcor_txt/br-f05.txt		0.3641025641025641	0.1257844932844933	0.167989417989418
data/semcor_txt/br-f06.txt		0.390650406504065	0.11660859465737512	0.16832010582010581
data/semcor_txt/br-f07.txt		0.3280555555555556	0.13589836860670193	0.17330687830687833
data/semcor_txt/br-f08.txt		0.47412644468719245	0.24494280814374275	0.2966944028626271
data/semcor_txt/br-f09.txt		0.40492063492063496	0.164134027348313	0.20951184177374646
data/semcor_txt/br-f10.txt		0.3996914433084645	0.20931098719472577	0.24616047762324358
data/semcor_txt/br-f11.txt		0.44932432432432434	0.15400489775489773	0.21174924924924923
data/semcor_txt/br-f12.txt		0.42720588235294116	0.1917542016806722	0.23764005602240895
data/semcor_txt/br-f13.txt		0.43256151742993854	0.23371710187264702	0.27987312406798626
data/semcor_txt/br-f14.txt		0.42984422984422976	0.2619237102917658	0.29871205017652486
data/semcor_txt/br-f15.txt		0.4437088656600851	0.25805051458252676	0.30303393986320803
data/semcor_txt/br-f16.txt		0.4355543424127495	0.2693930078443352	0.3049030169858234
data/semcor_txt/br-f17.txt		0.37103733512184206	0.23856001751248232	0.267087152544899
data/semcor_txt/br-f18.txt		0.4430277438610772	0.3003630188197182	0.3335189174435205
data/semcor_txt/br-f19.txt		0.38032708032708035	0.2446666388840111	0.2753968579159643
data/semcor_txt/br-f20.txt		0.35950667987705026	0.22727486456322427	0.2567426758035224
data/semcor_txt/br-f21.txt		0.39654363180678953	0.2526788245867193	0.28291087386576097
data/semcor_txt/br-f22.txt		0.45204459561602417	0.21565877539456976	0.26359514811215484
data/semcor_txt/br-f23.txt		0.3949453155245838	0.19943831462124148	0.24309418957284812
data/semcor_txt/br-f24.txt		0.45263966961728164	0.26417079914281405	0.3028153578633324
data/semcor_txt/br-f25.txt		0.46380844155844164	0.26207915464165477	0.30813374476053046
data/semcor_txt/br-f33.txt		0.4086669237531307	0.22328586563500358	0.26860139434852076
data/semcor_txt/br-f43.txt		0.38099428526430645	0.23159633001589064	0.26594267961535334
data/semcor_txt/br-f44.txt		0.40205277949655105	0.19879427241667724	0.2440250835925576
data/semcor_txt/br-g01.txt		0.47808764745884424	0.30457051013834063	0.34336663261612554
data/semcor_txt/br-g02.txt		0.46325757575757576	0.17171266233766236	0.22086940836940838
data/semcor_txt/br-g03.txt		0.3784615384615384	0.16915478312537136	0.215995115995116
data/semcor_txt/br-g04.txt		0.3301346801346801	0.10358786275452939	0.14498556998557
data/semcor_txt/br-g05.txt		0.5137566137566137	0.19409013605442177	0.25468316956412196
data/semcor_txt/br-g06.txt		0.4656118143459915	0.14494218861307467	0.20924804098854735
data/semcor_txt/br-g07.txt		0.3809139784946236	0.21200716845878131	0.246473374295955
data/semcor_txt/br-g08.txt		0.4283018867924528	0.16105121293800537	0.2132981431566337
data/semcor_txt/br-g09.txt		0.37681159420289856	0.13206521739130436	0.17928073000536768
data/semcor_txt/br-g10.txt		0.43493589743589745	0.15403971028971022	0.2092338217338217
data/semcor_txt/br-g11.txt		0.46884703315426207	0.2905293457896729	0.33235861573139264
data/semcor_txt/br-g12.txt		0.47242435257702436	0.28282175573599017	0.3244553495698535
data/semcor_txt/br-g13.txt		0.4511299435028249	0.17181732580037662	0.2330508474576272
data/semcor_txt/br-g14.txt		0.4209682203087279	0.24497815709067333	0.2817297150870187
data/semcor_txt/br-g15.txt		0.43183817769532046	0.24921445708486525	0.29047671123283364
data/semcor_txt/br-g16.txt		0.43068509650493453	0.2553599297126626	0.29596738704337033
data/semcor_txt/br-g17.txt		0.43231407959571955	0.25010229068670625	0.29038891416172635
data/semcor_txt/br-g18.txt		0.4416276204154993	0.249359121184518	0.2909666827614158
data/semcor_txt/br-g19.txt		0.4399551066217734	0.29130621945747986	0.3250472602059903
data/semcor_txt/br-g20.txt		0.4577770146520145	0.22873355509404608	0.2815098906549799
data/semcor_txt/br-g21.txt		0.40251787354060065	0.22747286856661864	0.26820772726752157
data/semcor_txt/br-g22.txt		0.4304482323232322	0.2503433516714767	0.29076513057874676
data/semcor_txt/br-g23.txt		0.49655966553287983	0.27828123312817177	0.3246622260015117
data/semcor_txt/br-g28.txt		0.44355027354253346	0.2863214414468468	0.32052593423852455
data/semcor_txt/br-g31.txt		0.43426317388735686	0.2430425204233756	0.28584966856753347
data/semcor_txt/br-g39.txt		0.4391683103221565	0.25163200810178815	0.2907737136112332
data/semcor_txt/br-g43.txt		0.41302943967126066	0.2072585872248442	0.25205803685802536
data/semcor_txt/br-g44.txt		0.43468536294623245	0.24098503894311346	0.284719291903557
data/semcor_txt/br-h01.txt		0.4317361962931585	0.2576959924744735	0.2989813847996488
data/semcor_txt/br-h02.txt		0.46875607385811474	0.18521056041464198	0.2448655652737286
data/semcor_txt/br-h03.txt		0.42142857142857143	0.17444255479969767	0.22332451499118167
data/semcor_txt/br-h04.txt		0.41231884057971013	0.16037497124453645	0.2110651023694502
data/semcor_txt/br-h05.txt		0.3425925925925926	0.17366622574955912	0.20878282382912014
data/semcor_txt/br-h06.txt		0.29781420765027317	0.09868296548624417	0.13732977708387548
data/semcor_txt/br-h07.txt		0.3548387096774194	0.1388056835637481	0.1816532258064516
data/semcor_txt/br-h08.txt		0.4365942028985507	0.14787353347135956	0.20080227743271223
data/semcor_txt/br-h09.txt		0.46787021811835133	0.2742716686775905	0.319901786824923
data/semcor_txt/br-h10.txt		0.39062500000000006	0.13447730654761908	0.18683035714285715
data/semcor_txt/br-h11.txt		0.5048794826572602	0.2835123946698021	0.3330982591939382
data/semcor_txt/br-h12.txt		0.48581410791937113	0.2921091516778651	0.3367280949683483
data/semcor_txt/br-h13.txt		0.3901879955250742	0.21103692663082707	0.251263112667607
data/semcor_txt/br-h14.txt		0.4929131540973646	0.24510067783094105	0.3047347776608428
data/semcor_txt/br-h15.txt		0.45481078904991945	0.22086482338507069	0.27056530502700266
data/semcor_txt/br-h16.txt		0.5146460839144562	0.27962419437875685	0.3367620688114938
data/semcor_txt/br-h17.txt		0.38695788338645476	0.259104359595431	0.28675545826056026
data/semcor_txt/br-h18.txt		0.4787005861079935	0.22744194809256016	0.28746979455974164
data/semcor_txt/br-h21.txt		0.43008301712005403	0.24515265826994218	0.29094854864255204
data/semcor_txt/br-h24.txt		0.41188414759843334	0.2863276410852942	0.3128035763367396
data/semcor_txt/br-j01.txt		0.4691250058185541	0.2764289399370045	0.3224829322409967
data/semcor_txt/br-j02.txt		0.46550996285038854	0.2294040382110291	0.28450843103198725
data/semcor_txt/br-j03.txt		0.4532361946996094	0.24310804033365005	0.29507746914976873
data/semcor_txt/br-j04.txt		0.37233333333333335	0.21418212081128746	0.2504944444444444
data/semcor_txt/br-j05.txt		0.4354830510292695	0.26490753407682677	0.306498198228182
data/semcor_txt/br-j06.txt		0.4090300648484791	0.2573716314391933	0.29181477156023494
data/semcor_txt/br-j07.txt		0.5293425324675324	0.2909731719248765	0.35360050040447794
data/semcor_txt/br-j08.txt		0.4581018518518519	0.24085061339350547	0.293679208308838
data/semcor_txt/br-j09.txt		0.4703943646714729	0.23699264200770226	0.2917252659528906
data/semcor_txt/br-j10.txt		0.4963180029846699	0.3009961080586081	0.34632502939447385
data/semcor_txt/br-j11.txt		0.37595737595737594	0.20892509359027214	0.24967845331790905
data/semcor_txt/br-j12.txt		0.45737915679092145	0.3080337151954798	0.34653778519954975
data/semcor_txt/br-j13.txt		0.40342741066425264	0.2307153171626856	0.27249301933512465
data/semcor_txt/br-j14.txt		0.43700638792102203	0.3021181765389082	0.33549045498958385
data/semcor_txt/br-j15.txt		0.42655586987270155	0.2791138220964953	0.3162989156058464
data/semcor_txt/br-j16.txt		0.47589817589817596	0.2935849390908914	0.3354318708187755
data/semcor_txt/br-j17.txt		0.482385414293309	0.2967526929697982	0.33872488309518384
data/semcor_txt/br-j18.txt		0.37979691876750693	0.256385498643902	0.28325185629807464
data/semcor_txt/br-j19.txt		0.3930986403642654	0.20899856171991585	0.25060394466644464
data/semcor_txt/br-j20.txt		0.30823412698412705	0.18327259395194173	0.21145834640399858
data/semcor_txt/br-j21.txt		0.5797872340425532	0.11857480580884835	0.1820485759315546
data/semcor_txt/br-j22.txt		0.43233397645925437	0.22621375599284071	0.2777785465765045
data/semcor_txt/br-j23.txt		0.3823244621540075	0.2244546110455201	0.26300898401141903
data/semcor_txt/br-j24.txt		0.36423611111111115	0.16196263227513227	0.20104745370370367
data/semcor_txt/br-j25.txt		0.30978260869565216	0.1716183574879227	0.21099033816425122
data/semcor_txt/br-j26.txt		0.4166666666666667	0.18334836459836462	0.23778258778258776
data/semcor_txt/br-j27.txt		0.3633333333333333	0.17711167800453514	0.2155612244897959
data/semcor_txt/br-j28.txt		0.34293785310734465	0.13962873284907182	0.18024011299435025
data/semcor_txt/br-j29.txt		0.4528679486510812	0.24709193584193584	0.29160050959749745
data/semcor_txt/br-j30.txt		0.4290652557319224	0.22398487234399928	0.2715526275605641
data/semcor_txt/br-j31.txt		0.4732828960610289	0.2816645375693604	0.32454136794577965
data/semcor_txt/br-j32.txt		0.3936242501459893	0.20094809126059127	0.24649705769270983
data/semcor_txt/br-j33.txt		0.44419506659991526	0.268910885845366	0.3103769171039726
data/semcor_txt/br-j34.txt		0.40958916662041656	0.24309734543179484	0.28328085783814944
data/semcor_txt/br-j35.txt		0.4226143674572362	0.2709682409355052	0.30691948371987504
data/semcor_txt/br-j37.txt		0.3836687271062271	0.23813715913715913	0.2726830859836812
data/semcor_txt/br-j38.txt		0.4203399070065734	0.21396672984569806	0.26417778312222745
data/semcor_txt/br-j41.txt		0.44835030106769225	0.24314301113731757	0.29929149570108854
data/semcor_txt/br-j42.txt		0.3965108299108299	0.24914593307926647	0.2843920454560136
data/semcor_txt/br-j52.txt		0.3734334619628736	0.2061239333980313	0.23851921662215778
data/semcor_txt/br-j53.txt		0.45379740549166486	0.29093373028934777	0.3278959669108302
data/semcor_txt/br-j54.txt		0.4424623216289881	0.28885604424149025	0.323323789672996
data/semcor_txt/br-j55.txt		0.44767479671325827	0.20251333788650638	0.2533070709306973
data/semcor_txt/br-j56.txt		0.4086923658352229	0.24866370622323009	0.28341477211375166
data/semcor_txt/br-j57.txt		0.4606249041484548	0.29840295949633205	0.3366266554931151
data/semcor_txt/br-j58.txt		0.5061363161692107	0.3188228293045022	0.364726270492248
data/semcor_txt/br-j59.txt		0.3564679094851507	0.17300541013903079	0.21585374065361754
data/semcor_txt/br-j60.txt		0.490759664717998	0.29575656435899494	0.34475692599948565
data/semcor_txt/br-j70.txt		0.47800400534045395	0.23298723695085505	0.28858304900360965
data/semcor_txt/br-k01.txt		0.46502740415783883	0.267602377876705	0.30718225030854424
data/semcor_txt/br-k02.txt		0.4972074915824916	0.23614435382738957	0.2932111563480611
data/semcor_txt/br-k03.txt		0.4549299465966133	0.25992134922690474	0.3022687071893421
data/semcor_txt/br-k04.txt		0.4740441801189465	0.27109604213556543	0.3161381489251982
data/semcor_txt/br-k05.txt		0.46052820847341397	0.22832098493302017	0.27627702550403127
data/semcor_txt/br-k06.txt		0.45032897566010155	0.29765868977198223	0.32904037218606774
data/semcor_txt/br-k07.txt		0.40272702104097446	0.21194603961007605	0.24960119706797454
data/semcor_txt/br-k08.txt		0.4261467391998365	0.2095318560963314	0.258400269019738
data/semcor_txt/br-k09.txt		0.4689933377433376	0.2145162579537579	0.26618323511180647
data/semcor_txt/br-k10.txt		0.44719264370427153	0.22498909502785472	0.2714070917905359
data/semcor_txt/br-k11.txt		0.42986167678475384	0.23204169345103415	0.26912498007690316
data/semcor_txt/br-k12.txt		0.43520170650605433	0.25254758170286107	0.2913459581021692
data/semcor_txt/br-k13.txt		0.4216341760091762	0.22753543080337557	0.2682901257692924
data/semcor_txt/br-k14.txt		0.4517909818794776	0.24939602501409963	0.29217157883087086
data/semcor_txt/br-k15.txt		0.41307479959653876	0.20702344635364364	0.25022725411234725
data/semcor_txt/br-k16.txt		0.42471299595193396	0.25946083707461715	0.2941627330739215
data/semcor_txt/br-k17.txt		0.48016378525932674	0.23388206450308366	0.2869815994338288
data/semcor_txt/br-k18.txt		0.40886067471231186	0.1775957269197012	0.22420100746976002
data/semcor_txt/br-k19.txt		0.47637644300144294	0.21081007810531616	0.25777973713896324
data/semcor_txt/br-k20.txt		0.4503456221198157	0.24717148373686393	0.29111921829663767
data/semcor_txt/br-k21.txt		0.45977889631735813	0.2160176676565716	0.26736606189902884
data/semcor_txt/br-k22.txt		0.49837234328759744	0.2523884494518575	0.3032850673225975
data/semcor_txt/br-k23.txt		0.4726755779973601	0.2568333967096343	0.30196358731896206
data/semcor_txt/br-k24.txt		0.4305338891877354	0.17149915473182276	0.22117694271540414
data/semcor_txt/br-k25.txt		0.4479675086817944	0.23283883468194685	0.28242858166965307
data/semcor_txt/br-k26.txt		0.44540656565656556	0.22828339904143471	0.2717675908747336
data/semcor_txt/br-k27.txt		0.3982674849763458	0.20646779597915105	0.24953419777321487
data/semcor_txt/br-k28.txt		0.44355363155363164	0.23136020972362	0.27733168189834845
data/semcor_txt/br-k29.txt		0.43698411650481356	0.2186011379620675	0.26351070976991714
data/semcor_txt/br-l01.txt		0.42866043613707167	0.146152277110221	0.20446335855214362
data/semcor_txt/br-l02.txt		0.3086734693877551	0.09054098912292188	0.12821509556203434
data/semcor_txt/br-l03.txt		0.41652661064425767	0.12015412225496258	0.17390456182472985
data/semcor_txt/br-l04.txt		0.3871428571428571	0.13383219954648523	0.18297354497354495
data/semcor_txt/br-l05.txt		0.3739795918367347	0.12596709318648094	0.16787199006586762
data/semcor_txt/br-l06.txt		0.3553571428571428	0.14778321050642473	0.18563988095238088
data/semcor_txt/br-l07.txt		0.34044715447154467	0.10934354432830039	0.15263259775454896
data/semcor_txt/br-l08.txt		0.4252804232804233	0.2059694424065922	0.24610391576383625
data/semcor_txt/br-l09.txt		0.46775030525030525	0.23139441864546906	0.27803997233942285
data/semcor_txt/br-l10.txt		0.4550071649029983	0.23458854775075016	0.28218368134290756
data/semcor_txt/br-l11.txt		0.4742570260427403	0.2669596587432472	0.30862256350351597
data/semcor_txt/br-l12.txt		0.4395288693989994	0.22796365791495665	0.27406552047553895
data/semcor_txt/br-l13.txt		0.442327097505669	0.22489650202405315	0.2707854038440774
data/semcor_txt/br-l14.txt		0.4424483720841336	0.23731740241082724	0.2846255192825675
data/semcor_txt/br-l15.txt		0.4420324361628709	0.2467932343996007	0.28885403726708075
data/semcor_txt/br-l16.txt		0.4348216938290467	0.22004571102916692	0.2647998483905345
data/semcor_txt/br-l17.txt		0.42613468836762214	0.24061982658647588	0.28363710150931914
data/semcor_txt/br-l18.txt		0.5059972394755002	0.22126624652935392	0.2763533732772864
data/semcor_txt/br-m01.txt		0.5435579899320356	0.31588701337578734	0.3625676816720982
data/semcor_txt/br-m02.txt		0.4810594608213655	0.24653438403580125	0.2929224105868096
data/semcor_txt/br-m03.txt		0.47281746031746036	0.15396997182711467	0.21468852355757112
data/semcor_txt/br-m04.txt		0.3108910891089109	0.08644048928702391	0.12834747760490336
data/semcor_txt/br-m05.txt		0.4447916666666666	0.19199156746031742	0.242270171957672
data/semcor_txt/br-m06.txt		0.3810466760961811	0.12109747199209712	0.16773770234166274
data/semcor_txt/br-n01.txt		0.34454022988505745	0.09548611111111105	0.13668616584564858
data/semcor_txt/br-n02.txt		0.3765804597701149	0.13327791461412147	0.17616538952745844
data/semcor_txt/br-n03.txt		0.4017241379310345	0.16970018327776953	0.20936827221309978
data/semcor_txt/br-n04.txt		0.3173976608187134	0.11114696463380669	0.14738988675392184
data/semcor_txt/br-n05.txt		0.48953933272115097	0.20975071056889236	0.26359378051802296
data/semcor_txt/br-n06.txt		0.4534050179211469	0.17028716504522953	0.22373271889400917
data/semcor_txt/br-n07.txt		0.4848484848484848	0.15529483143119502	0.21272792863701942
data/semcor_txt/br-n08.txt		0.4758852258852258	0.19587742504409172	0.25148300773300775
data/semcor_txt/br-n09.txt		0.49402096659559364	0.23956397152559195	0.2912862369934153
data/semcor_txt/br-n10.txt		0.4375437180521926	0.2019972102291809	0.2507908643683462
data/semcor_txt/br-n11.txt		0.38259667503364975	0.22014468569090426	0.25928308985932025
data/semcor_txt/br-n12.txt		0.41831247456247456	0.20837072649572647	0.25119636316064886
data/semcor_txt/br-n14.txt		0.4695639430014431	0.2355494380692793	0.28399143551921324
data/semcor_txt/br-n15.txt		0.36857864357864367	0.18274489583974737	0.2194949494949493
data/semcor_txt/br-n16.txt		0.45904329723774173	0.23363464167862313	0.2820556449723116
data/semcor_txt/br-n17.txt		0.4261404451185474	0.2088752878064661	0.2528289981848376
data/semcor_txt/br-n20.txt		0.40948979591836737	0.21665021222164066	0.25656634677680584
data/semcor_txt/br-p01.txt		0.451871310507674	0.2354909427393193	0.27943953136810273
data/semcor_txt/br-p02.txt		0.41735104669887274	0.12556801625642203	0.17335307875162942
data/semcor_txt/br-p03.txt		0.4130268199233717	0.13317163838715562	0.1874708082466703
data/semcor_txt/br-p04.txt		0.4140562248995983	0.11250215615027805	0.16247848537005163
data/semcor_txt/br-p05.txt		0.30729166666666663	0.1092104828042328	0.14532655423280422
data/semcor_txt/br-p06.txt		0.38481182795698926	0.12579151732377533	0.17322665983956304
data/semcor_txt/br-p07.txt		0.4465727434958203	0.25061190945806333	0.2889772734388119
data/semcor_txt/br-p08.txt		0.4146005509641873	0.1366724605360968	0.18563339017884462
data/semcor_txt/br-p09.txt		0.42851163594739783	0.24385217897550204	0.28091572026935985
data/semcor_txt/br-p10.txt		0.4525589449831874	0.2088773320744001	0.2576021521590305
data/semcor_txt/br-p12.txt		0.4164066468810995	0.1740019413155492	0.22304761236330573
data/semcor_txt/br-p24.txt		0.43199303530936195	0.1544743413238311	0.20832348018572505
data/semcor_txt/br-r01.txt		0.4080168776371308	0.13391327378669152	0.1856067912397026
data/semcor_txt/br-r02.txt		0.48743961352657006	0.1624044795783926	0.2262106050149528
data/semcor_txt/br-r03.txt		0.33125	0.11423836580086577	0.1513372189153439
data/semcor_txt/br-r04.txt		0.42166913275403856	0.18693990714037878	0.23271113551268527
data/semcor_txt/br-r05.txt		0.46015498062742166	0.2404470680342447	0.2876759804375101
data/semcor_txt/br-r06.txt		0.47197485428617497	0.19694779588984443	0.24918670540301258
data/semcor_txt/br-r07.txt		0.49636399126195035	0.23488570516874702	0.2880294347519811
data/semcor_txt/br-r08.txt		0.444915011459129	0.27713841995617206	0.31629542726181376
data/semcor_txt/br-r09.txt		0.4318139652555237	0.27916667447511595	0.31589723545196646
Average		0.41952920928939147	0.19800885836946822	0.24321245214956588
